
1.211861335081089
1.4380541856711089
1.4484496974395622
1.4483121416351898
1.4416355799833247
1.4338537184752358
1.425721120406434
1.4173691128246206
1.4088422368940425
1.4002316821086565
1.3916867611455448
1.3832655855245788
1.3749239645456388
1.3666453174851596
1.3584147403482243
1.3501953245762666
1.3419626394036133
1.3337414477020677
1.3255382891675107
1.3172665784161857
1.309025126660218
1.3008659724058131
1.2927685120608752
1.2846987381711217
1.2766372237067523
1.2685094890486717
1.2602555829951871
1.25180619160209
1.2429616666222736
1.233904870027569
1.2245534695123466
1.214868225992514
1.2050975971510964
1.1951848632004207
1.1851254249513707
1.174942696429837
1.1646284237709343
1.1541584562546148
1.1434036661483176
1.132327651830102
1.120926738547142
1.1090302532241059
1.096738671444693
1.0839737692183613
1.070398279988566
1.056867452978656
1.043528131365799
1.0300163222968344
1.017345937990496
1.0049556498166914
0.992755284819607
0.9806328786415891
0.9685893202201011
0.9565419046843223
0.9443838597423105
0.9319878229120787
0.9193957092596065
0.9066108899539419
0.8936921120934448
0.8805707531428378
0.8671748403954856
0.8534384248515995
0.8393698610183359
0.8248547075238194
0.8099718514731281
0.7945913405656823
0.7787327382209391
0.7622770156431428
0.7452462176313396
0.7272563075018125
0.7088463188741997
0.689686682233034
0.6719894149760351
0.6523548158977063
0.6319701859726546
0.6126876065890242
0.5903467504913774
0.5736859882886111
0.5507158844650907
0.5287670821578735
0.5102078093503827
0.48616663353691536
0.460018751409384
0.43736089642504605
0.41110296772780097
0.3889073487746094
0.3623897692464527
0.3554924560623559
0.34145327159605754
0.31809315868296906
0.29660316812639964
0.2838175333945564
0.2670458550604593
0.2449373342240052
0.22644733301728348
0.2114032726926034
0.19761663270210184
0.17614877404590912
0.16195693210881712
0.14825244931828974
0.1380821818525032
0.1176684032364459
0.1046869537072076
0.09195562330252754
0.08266524644146406
0.0626060509293293
0.049999251144611456
0.037513998961910544
0.029609505403009995
-0.00808832377187746
-0.012239368602340595
-0.01559427948059372
-0.033431743244886236
-0.05457437229651779
-0.0684118299280797
-0.08802043530855785
-0.10467726357957235
-0.12346962198396644
-0.1378208999195042
-0.15696286482569047
-0.17003810683761786
-0.1865457205209988
-0.19728379976649071
-0.21049507490447714
-0.2201682796266894
-0.23180265753193047
-0.2401104915236367
-0.24941680561245777
-0.25843505698721114
-0.2682576551131166
-0.2763492720137844
-0.2847754820173293
-0.2915136133225753
-0.29832742683934743
-0.3037408070749916
-0.308445280611432
-0.3113346086816474
-0.3121327067793174
-0.31001037427974826
-0.30514343647415854
-0.2982962176571878
-0.290244638255705
-0.28126042196159684
-0.27187303155226605
-0.26217041822647136
-0.25200617985550533
-0.2413125880000652
-0.23010321155518285
-0.21845992369990805
-0.2062835848318419
-0.19355936619206318
-0.18042743505730732
-0.16709627817159664
-0.15348273518490257
-0.13946739045599688
-0.12481224747801123
-0.12915416375020033
-0.13122716513996097
-0.1164922162157046
-0.10111498180121259
-0.08504227424221761
-0.06841647282157504
-0.05145359491767926
-0.034061525268723636
-0.01629401593107227
0.0017988844442510254
0.020375417655428496
0.039163043495146876
0.058034437035887065
0.0770173580835144
0.09610937829913119
0.11539435079689042
0.13500402343331952
0.15489502137194477
0.17512681427031263
0.19572721354676847
0.21676345051464796
0.23813341989917092
0.2597711107724874
0.2816401660912946
0.30367638763887295
0.3257888942211148
0.3479157838951167
0.36998317044759077
0.39203853893685225
0.4139235814276435
0.3853137234188123
0.35652425063911053
0.32773553508843933
0.2990257943426552
0.2706885546400436
0.24239963681859167
0.2145754517721259
0.18667994126586407
0.15974408116909578
0.13222077047271008
0.1069587003927035
0.07983591602739287
0.05669683510638146
0.029801814448730368
0.007160156045281252
-0.019464241760976275
-0.041100338988619756
-0.06752060788538855
-0.08856209103138546
-0.1142929190828873
-0.13275141313486072
-0.15168047785574704
-0.1687982140322277
-0.18563448112768358
-0.19960058731517483
-0.21263015851941355
-0.2235725363041479
-0.23256234588167418
-0.23806239273558824
-0.23966597836918727
-0.23675075737861745
-0.22926468232766029
-0.21853021436409148
-0.20564428502193985
-0.19143687388454034
-0.17678626293454003
-0.16184161763463673
-0.1466170550825902
-0.13125851352604956
-0.11573514838666099
-0.09999921370373094
-0.08388712557864064
-0.06736519200002367
-0.05059353169323527
-0.03358279200346931
-0.0163303021489149
0.001087529051070124
0.018869644415837217
0.037168696027477854
0.0558776439570321
0.07491281399472804
0.09397543159022442
0.11304788041157143
0.13223633577222915
0.1516868957743479
0.17127184509218596
0.19104742390704577
0.2110267016319508
0.23119849551793048
0.25044702177841893
0.22207965757041148
0.1938268288913212
0.16584500709060634
0.13836034040693213
0.11098620891134481
0.08396748070052434
0.05711206434528965
0.030677273461115095
0.004252946050575301
-0.021343479263955634
-0.04693185104212111
-0.07100454893655916
-0.09482236915237546
-0.11562787481715009
-0.13540524799138648
-0.1495465124741756
-0.15427141165686198
-0.14745640268128807
-0.13515396902432958
-0.12108507686066539
-0.10643503283534045
-0.09139532132596745
-0.07593507862921944
-0.060014258129716
-0.04369576618080878
-0.027039630783030733
-0.0098922206857458
0.007724607953344453
0.025552507576683425
0.04362234818512195
0.061985307595268935
0.08069130062438595
0.09956311156277742
0.1184902332322546
0.13675852482681006
0.10991999829247168
0.0823320620931382
0.055150073748245154
0.02845508870515029
0.002194334499713735
-0.02309081933605056
-0.04655178334096244
-0.06266616212445436
-0.05904108990421664
-0.046169885668222
-0.030760585622044756
-0.014447207634472992
0.002364917250978371
0.019149752540627285
0.03435904252565686
0.019151777590855457
0.0012717678507783159
0.0011086177072752723
-0.002135506465638093
0.0009899016172927322
-0.005072061293602825
0.0061574602634673625
-0.014545107293347237
0.003610579731823993
0.008343676198735328
-0.014960717407746793
0.004187036696263302
0.012396233396847978
-0.013397992541706094
0.005857387130374758
-0.009388544527573872
0.010255286810763153
-0.013761904053438523
0.006296350002505335
0.011844883662418648
-0.014241398779156256
0.006008266070844981
-0.0049568285747769725
0.015089691467844835
-0.011370570633945198
0.008867572348016384
-0.016601452925414373
0.004148634022912934
0.01899926382527317
-0.007480904846648706
0.008303456964421474
-0.01777614141181283
0.0030321138477681364
0.004633098822558579
-0.018105896857056436
0.003069384455318791
0.02340324878425165
-0.003003021703598563
-0.019666419492164855
0.0017416448826536035
0.021994794317785116
-0.004531868839106334
-0.01326994492234329
0.008199647666132848
-0.01731627469130609
0.004326043794856793
0.02391022609730986
-0.0027101412241461453
-0.02616175098799839
-0.0043260695525089155
0.017639740373244672
-0.008330991455419712
0.013258970593421626
-0.01270539486131611
0.009010181198858935
-0.014545738210671844
0.007350758589610873
0.014921441045753936
-0.011702899801629585
0.010009138183823874
-0.01611267013377299
0.0059109897982354
0.004249254046648165
-0.014480957521516458
0.007797738930381937
0.007000891281918609
-0.018859614215950504
0.00365966915508642
0.02620090311712231
-0.00072444946345257
-0.02666660352231709
-0.004246835386221226
0.018433327820448986
-0.007979849627617663
0.014267277528340394
-0.012158471613204547
0.010065220161546706
-0.015611804730723877
0.006781057928245848
0.01312577712610663
-0.013700262133628072
0.00874957538755533
-0.016944388109455255
0.005616790938607286
0.02494309810703682
-0.0018337343971281395
-0.027965668756809337
-0.00544755423307558
0.017164166731973518
-0.009056383863073614
0.013249893029053605
-0.012979465699500814
0.009328744315525273
-0.013612774582501819
0.008829187463025856