
0.020328231372181003
0.015220654412277271
0.014990414893157803
0.01489941618015582
0.014899094201534461
0.014918062518998115
0.014945326959157615
0.014977030077280257
0.015011576777940664
0.015048082128219935
0.015086117610227476
0.015125518120305957
0.015166349824808056
0.015208571806977864
0.015252099099282594
0.015296904911789436
0.0153430538670743
0.015390076962580778
0.015437779510833735
0.015486551972630545
0.015535754765467454
0.015585067257890554
0.015634550952867116
0.015684314119150965
0.015734051258128965
0.01578381383000367
0.015833973978892246
0.015884518213808856
0.01593579075615375
0.015988519679341066
0.016043650142359433
0.01610197775419179
0.016163317508892678
0.016228538045599754
0.01629661372883964
0.016367534365348584
0.016441425680511063
0.016519033022221758
0.016602313900661
0.016689697607632555
0.0167815159709758
0.016879258197504302
0.016983302101612606
0.017093778646522475
0.01721090340226702
0.017336785114932165
0.017475320614981086
0.01762708764232366
0.01779499347924494
0.017976635001145904
0.018168925037267733
0.018373335313843633
0.018591068918153507
0.018823795169153983
0.019073698340517368
0.019346157906291322
0.019639443774506223
0.01995762638145367
0.02030089960064285
0.020674547046211945
0.021086190512552026
0.021551199016531644
0.02209198128139367
0.022739095311591715
0.023583750341565103
0.02470914044858314
0.025555574129991182
0.02684809289211393
0.027822977951662903
0.03006285974629047
0.03065474418031502
0.03405059608670057
0.033472141728492666
0.03526815069626097
0.04174362523498704
0.03848885535512446
0.05127883185414026
0.04474124180910131
0.0559604569061712
0.06656154251647815
0.06821199615954124
0.08292393604047615
0.1422595036714708
0.15006840657585374
0.21743757438120867
0.19637084030391289
0.30452857264290656
0.3871853827440659
0.2443558241571306
0.3512077474263282
0.35123047132995305
0.470013117771928
0.3378185073482042
0.48234787455013345
0.40559279207123966
0.6317803520634491
0.4058923103532231
0.6607987080040394
0.46807365158832553
0.8555266437481952
0.4721963369434884
0.771484011728623
0.527273779916045
0.9762833759265694
0.5271344610249222
0.8487815240210106
0.5734892205796024
1.1359634646138606
0.5906920426243271
2.439366690083915
2.0964026347278466
1.1484000654029125
0.4055853033886374
0.6946471361913129
0.5686769859097353
0.6450297516041793
0.5841386023543563
0.7104165857205871
0.5977879366212198
0.7628178194072832
0.6603002554430477
0.8004976135049854
0.7393651324740592
0.811849039596631
0.7737820910272514
0.8394044355478378
0.8330498223450705
0.7876854546993247
0.758668995502445
0.7653873691308443
0.7370299452086148
0.722871919548389
0.6713825546740435
0.6291221133037918
0.5675746907998143
0.5085602581464441
0.437762344232298
0.37236562718216687
0.31469243747168385
0.27049502833982103
0.2373941811322571
0.21230698430239292
0.19173375660869746
0.17555587245988158
0.16240018281806776
0.15090050973013822
0.14043905682572966
0.13075058330179432
0.07660696001602103
0.11356711619757431
0.10562815164963715
0.09824615862889674
0.09145882256806419
0.08511400923787729
0.1168965440210115
0.2750129504006604
0.15039238796000484
0.13429131159019864
0.12495077895642882
0.11671503227485955
0.10930417941773432
0.10270289122228526
0.09676789652131376
0.091330160907784
0.08626923803039024
0.08158826911628043
0.07724247220322342
0.07331077427958625
0.06973980075300948
0.06644992538475965
0.0634130948505229
0.06058690819041553
0.05794595479008134
0.055461128624396464
0.05307725277270098
0.050778687137343
0.04857092994076056
0.0464565376837195
0.04445477562465293
0.042575395365378126
0.04083602894707673
0.03921067500874281
0.037675908919064645
0.03625289968760462
0.034908010072837815
0.03352544449354601
0.03584232625353385
0.039152277856307316
0.04423943729755289
0.04975162153910583
0.05404614190716165
0.06118924618151405
0.06577872769268966
0.07697157576651417
0.07932797626114178
0.09867145573557147
0.09317727950050762
0.12562055072678516
0.11156062875884969
0.15344976256912707
0.1422057663788836
0.1965803788922727
0.19292953056664597
0.26675086556428335
0.2816256673327053
0.386192689919405
0.43021171847427453
0.4560039263925854
0.4932234707552585
0.5142311537628536
0.537996573084545
0.5255148088578756
0.5138594535813401
0.4839888924040983
0.4468082890862207
0.39494838703582
0.3435422455548708
0.2981454866917222
0.2618179276679331
0.2328267642651424
0.20870475743200254
0.18927961963829437
0.1730153556484984
0.15904576080419072
0.14690226192946026
0.13627351423439818
0.12701082446859593
0.11876162172929892
0.11136980791674367
0.10476502582706704
0.09883757333830652
0.09344958961277124
0.08852962182090883
0.08393989910117412
0.07962097250399143
0.07554988305109683
0.07176963205636112
0.0683093527378092
0.06511778365428827
0.0621149026739193
0.05925916547211177
0.056569318636272965
0.05401496495240182
0.051570394503149965
0.04918924872496789
0.04645470499509856
0.05013346535782411
0.05495992295884369
0.06147133471421749
0.06758030182546604
0.0751336832666266
0.08310035169129201
0.09358987729649831
0.1042867720339436
0.11939012481158046
0.13371679855316568
0.1551951788723557
0.17614766110400318
0.20260560124427057
0.21766468670035294
0.2328265561887414
0.2327032697543903
0.21387080025181354
0.18659327243696433
0.16544651661739973
0.15020410089807873
0.13865096148622089
0.12913558648448242
0.12087291737860226
0.11347981267919234
0.10682185392911978
0.1007104429318556
0.0949853940970052
0.08958953116060911
0.08458741306827756
0.0799000944825666
0.07542515681065184
0.07117105194131662
0.06721240195309243
0.06346038760163882
0.05965088501877657
0.06403836110697839
0.07023864971502485
0.07743260117483182
0.085620985451856
0.09514588015347406
0.10527542368369164
0.1142990080213172
0.11534484561362969
0.10568155022724249
0.09660661684800939
0.08911060295855452
0.08276313912747069
0.07714800498870256
0.07206570878700486
0.06721380729134654
0.06764955622712114
0.069190931993856
0.06619368296003236
0.06417688601737512
0.06139654462857014
0.0604420437161842
0.05732736449845693
0.059813159116878956
0.0565552054742087
0.05459521820855975
0.05764388027889909
0.054638807811334435
0.05259382786629755
0.05617250449040986
0.05330660071755346
0.05460242061468901
0.051893998565178165
0.054898033518891866
0.05218304112701085
0.05072289037488692
0.05415818025157432
0.05148846609021866
0.05218129950400834
0.04965153211839176
0.053081790840508104
0.0504554211706227
0.05373365542493797
0.05105885252381037
0.04885797369339413
0.052246257065035995
0.049879209217563995
0.053328344470303005
0.05064307468443667
0.049786543796299376
0.05246687406343435
0.04987120044916968
0.04748127113865067
0.05070525594882397
0.05237189853273475
0.04974556369266481
0.047341707712472064
0.05056050127737999
0.05102146900180634
0.04846908330873305
0.05153603436893921
0.04894931580646252
0.04661671027716243
0.049756055008518804
0.052556540164986586
0.04982749123075652
0.04736402916516375
0.05042430474164458
0.047889990077331614
0.05103573256425295
0.048433358793589704
0.05109186967552857
0.048495775457093
0.047113914226882624
0.0503205320029095
0.047764530441859666
0.05094471472806613
0.04832873893457252
0.04794154161884682
0.04982633181484101
0.047302669997628846
0.046933909725341734
0.04993447647927915
0.04734092468841931
0.04499069621767229
0.047992724256083176
0.05119536937493977
0.04846259964973778
0.04602324377884328
0.0490718256131688
0.04656707959053245
0.049721839042934916
0.04714577728522377
0.05018574895417578
0.04757113018473173
0.04637258960973076
0.04957276804274322
0.04699918740492901
0.05001436287308078
0.047405871053202396
0.04517187386656178
0.04822197097654146
0.051508728473049006
0.04871726816770327
0.04625080256529698
0.0492820157783138
0.046749565200813484
0.04985748643733273
0.04726575762431671
0.04973934234137031
0.04717260200057116