
8.227585876748595
4.99038058770485
4.9711101399068385
4.972844915393257
4.977186708145887
4.982118745564744
4.987603281188329
4.993772476030645
5.000456180373772
5.007114694923394
5.013655168216969
5.020175276762395
5.027304633647645
5.035073602252198
5.043564917851194
5.051874308647801
5.060157718459672
5.068574053269792
5.077176258917731
5.086206702725374
5.095738445595542
5.105250949885258
5.114318166285321
5.1232809531302435
5.13209681476495
5.140920245555676
5.150057970308358
5.15988386838175
5.170729139129413
5.183261986899239
5.198909605197859
5.220118181563135
5.246300835639987
5.278287636590952
5.312750391397316
5.349696593095067
5.3904899573885645
5.436008856512309
5.488734061177986
5.543628895081886
5.60175898555935
5.6635824975843585
5.728876671546496
5.79944668666113
5.877190320394456
5.965682884818773
6.068840062978325
6.196407945134252
6.34120354773582
6.800333910121938
7.356829354890386
7.9636162370584165
8.616947405781952
9.328761993905758
9.055026287794329
9.818659015728102
10.609148646157156
11.344220768706512
12.036208832167617
13.535658544954833
15.698600205397598
18.913727673376016
24.297468139603232
34.579553185838215
60.77048624685963
118.16950571186227
113.84833051437012
155.81050248774105
126.82856413288725
251.06660868588003
180.6574783212505
472.68382829453134
310.36239672982606
222.2047233357486
533.3242460343633
125.3358619295495
1174.704207905277
269.9117426025365
744.4591577261897
1394.6206938191183
915.1904576637534
967.6975893146306
3980.269294304343
5368.715168771244
9133.573533135705
334.105747879923
2855.063230796716
620.2711035110535
2058.9568790614926
448.0385378837779
2737.6464847600205
725.274245440804
2695.3899654858965
618.0605121860822
2975.8304269133123
835.1490262283838
3378.838157506471
848.7101264144798
3961.574850448409
1104.3769429389
3849.8028470730096
890.0895611210822
4437.946076851797
1138.4040395615534
4058.38833793815
947.2145138047811
4932.9387308796695
1343.0025126512808
4078.0162530543093
4629.589382344994
7984.569085218687
1338.3450550592152
1557.6835639865235
840.5637231388648
634.8078565131369
695.6216958112551
619.0836822107412
827.4668148551347
634.2527199543317
923.087914331167
601.0525442700152
843.2749523412647
584.7328385777902
725.9110998526168
547.1763279950627
671.3833436408414
526.9253794379478
574.2676760979713
419.0500673733234
464.26350682572945
366.2757399884992
387.0208984377423
306.8460527235771
298.961046941661
240.0386129058256
206.77037739726947
160.01411235127833
202.19429402702255
146.468215534296
113.57345494580755
93.49847021661525
89.0826379063328
88.97034969517362
77.87445659791925
77.1716362079863
79.96329807341564
82.8770692362029
85.50464254911475
88.33897312021251
87.82634142853536
88.62851634316513
87.12714964467355
84.82918891389119
81.10285939649287
37619.93475543515
9576.464954483365
11692.551647160954
62.919033353020176
58.10072258587916
56.50435058133001
71.03707427545784
85.32817019647305
97.1520160960336
105.0130770821723
108.91152616821479
110.26527771272931
109.70546808359822
107.68792142879278
104.44663312433968
100.15845652637832
95.23690843234407
89.80831618787924
83.8740102614674
77.31997267063021
70.04026817273639
62.082642093083535
54.81259939957243
50.281775612711996
45.747161808842804
41.327134047352246
37.234471558037626
33.154711677246866
29.016826945671
25.585782858384157
22.467014239369593
18.2473193952436
29.7662467149009
60.81832345701463
138.9469123987907
250.24959390042258
283.88220052543886
395.18630146014
348.08357780629706
548.1388306910594
311.15970199622745
796.2092100694961
296.05892130934257
1028.271307247469
255.1143452441153
907.4833290691189
230.62280525284825
964.2411518334817
220.4257662845795
853.2479394666605
197.54011959455553
883.3704961970699
255.84883381939588
651.3501840221983
215.74528267180966
693.3841113913242
173.66530544723997
408.6864142654852
181.33464620610886
339.7009753944272
134.1228248934773
171.48745630273268
90.09224737141426
101.24193567982638
92.67539414638651
91.80406991498776
92.70017355068752
95.18102597207678
97.38945719087548
99.18231416101838
100.18682089436491
100.32315867054537
99.77914970290195
98.50562429137342
97.01408634519244
95.52731461987185
94.07030405758717
92.49795841410234
90.72969185031396
88.73710246247988
86.57708512827391
84.0095545103917
81.3166710234363
77.9345995605969
73.67359330954929
68.54059196072849
62.73601410431832
56.220584203121234
49.064078278484395
41.34852711560389
32.67427673468576
18.798897499669206
33.97226760794622
78.59605922062337
185.77632797784335
192.88128424974613
237.8613817542197
229.66217928108105
271.4119139330999
225.62805911218112
271.3482408673835
185.89401161593773
239.89097484616073
141.74070564628224
188.92669708833762
106.02682643205289
124.49100318429801
69.35136714083018
68.25851091174144
55.40858045657286
55.34997540621613
56.812999830104054
58.77492368778111
60.82724423816861
62.497707982655314
63.30187876680391
63.03912465391525
62.26606052660112
61.043335034015065
59.44734041003925
57.504142220695144
55.147036023128145
52.27895396568321
48.79577853984596
44.416400617435585
38.237962753814045
27.220957195023004
41.65977235000514
77.7828371564771
98.93983135923138
96.55326683096808
96.77266508029798
79.49977290197367
61.78972496608006
38.146053759316864
31.224161575744265
30.2513154813497
29.663973501948636
28.65504444990592
27.142952562366826
24.716784272604514
20.45357510886386
20.199304053793224
21.539823873495056
16.08278532685283
14.777492605922342
12.767172919159394
12.270451265042166
11.27378839426442
12.888701628381998
11.139505264621137
10.031245697511013
11.410298756675939
10.096118629516928
12.494150941898834
10.763871338277362
12.325530743747038
12.148842063183707
10.672175873990017
11.234504805001585
10.101485291902803
9.250126114245813
9.928682097330583
9.322012099059332
9.604679024293542
9.112130518820353
9.692484076018925
12.669748868931071
9.783516939795595
12.136877003159766
11.976059150786588
13.352892346414022
11.158143328670706
12.244546853049098
11.048800550984655
9.78005436137641
10.152733695350125
9.437343558484496
8.788352652162736
9.623778387876582
9.711463718588464
9.175485835483084
11.654864255715776
9.288598384591673
11.318170130595046
9.749563464635298
10.458971083468011
9.488851316595177
11.515114754110776
9.18974956265623
9.729815564565415
12.430945854383182
11.057982186633092
12.415631559328776
10.977499974116188
12.432252812679137
11.043315295800266
11.859969695759666
10.607059203398332
8.852849249620354
10.472546254308732
9.222896845824398
10.7362079644251
9.509850945840554
10.43712045096342
9.378386399314637
8.88019360662328
8.901779771795022
9.396729696123474
8.888355642883505
8.915322910082788
8.948618011024966
9.52179713047857
8.999181166198081
9.88744282402037
9.199381821634935
8.649899843845956
9.508576301134047
8.895896063816906
9.67550321631336
9.13304346958624
8.930653641598417
9.256673233848586
9.115417766133506
10.407501236414527
9.098168149051052
8.482135365982629
9.389577604447522
10.742549370426314
9.360389780814948
8.61167016301481
9.884552854038022
8.833650421266215
10.157602874893856
9.136183025391887
9.523126028694639
8.87396958073137