
0.024333171671655177
0.02240371415513414
0.02514744840289314
0.028280294300520852
0.03174053995168414
0.035502810491405905
0.03958379455937621
0.04400549857230564
0.04879372093410371
0.05397908167337315
0.05959869337068687
0.06569242543064521
0.07230065638474398
0.07946764002803831
0.08724116975359969
0.09567148523762908
0.10481301155679253
0.11472726859744223
0.12548051724698278
0.1371364193174616
0.14977914831239025
0.16349909071882288
0.17838785184268777
0.19454205136219485
0.21206655895252008
0.23106442484263223
0.25164495268665643
0.2739186317958336
0.29796711350060406
0.323957771226944
0.3520104348985662
0.38225576885488993
0.4149244505639317
0.4501796323121788
0.4882068365106397
0.5292163636482635
0.5734200804087564
0.6210333919378352
0.6722177136467681
0.7271694114008369
0.7861074553272049
0.849125877193932
0.9164938717546613
0.988346662417255
1.0645197609822301
1.1460159213021548
1.2333674850970762
1.326526040157151
1.427256812460467
1.5354885247453967
1.651668903940006
1.7761951335475628
1.909650668636514
2.052473506910648
2.205005427685309
2.367457182225399
2.540387262537341
2.724284625003295
2.919821636666148
3.1272843659428884
3.346839099160847
3.578542857194875
3.8226434705260552
4.078712195868991
4.347125915932072
4.627045166688772
4.91751341205369
5.217740455230147
5.5259784125187865
5.8392449855265784
6.156775408171268
6.4781724283449975
6.816891494687232
7.144563532927254
7.470458485987857
7.8002613003793755
8.103348290378253
8.462670924468267
8.741634994833525
9.01931263963318
9.333270008234592
9.54101373176076
9.71386035532425
9.867445673371433
9.9546379423857
9.999823175485222
10.009147379077849
10.495128853709902
10.555981524733328
10.541584137744104
10.411635799231433
10.652154513809048
10.463619078785019
10.28092068515372
9.943108760691667
9.984419308452031
9.552745680423982
9.143185632132482
8.540849857430974
8.475146621847767
7.766791256818618
7.138130214318375
6.3079254199446
6.144342599205135
5.245234413543638
4.46748181147144
3.4916531791780328
3.3418511107229145
2.3417193441340967
1.9601744094258087
1.3725259303859585
0.22827307379754225
-1.5588307039701859
-2.4880743493401125
-3.3789622976458142
-4.365259190447358
-5.273433034729558
-6.057899212715691
-6.777174866576496
-7.405104122885081
-7.910008701981841
-8.269236842508661
-8.473831185546427
-8.589139474279728
-8.585132493315049
-8.49022403453567
-8.264397117692704
-8.051882890858398
-7.744281113937934
-7.354296058490445
-6.8750637351501895
-6.322350469357931
-5.700557709034483
-5.01192652201081
-4.261471647158197
-3.451150962357822
-2.5942463997473704
-1.6943928878143955
-0.7736591975702559
0.13778046268207939
1.0076764754461247
1.815902040949064
2.549399993538576
3.20644262855582
3.7851725296564487
4.281097876612483
4.69059640057212
5.011916896420202
5.2007502129245475
5.390193170805381
5.443742098913306
5.4115860315779365
5.3025640509887015
5.117680689474666
4.89419709087505
4.715244530590221
4.909092984891615
5.140217410673471
4.713069294899352
4.209208329378384
3.630432373056555
2.9879445300493495
2.297494204321346
1.562742580163639
0.7942514435903831
0.00329556831534171
-0.8072961135726789
-1.6151785678676396
-2.4041734878693597
-3.1646676286879583
-3.885478533366385
-4.558643857837471
-5.177235200905045
-5.726532834639069
-6.195160195673191
-6.5695160863240805
-6.836190905604131
-6.975419751706262
-6.9687493231172155
-6.79862553787655
-6.446903262798194
-5.895575994357302
-5.128226408704488
-4.129256410137767
-2.8852054842045196
-1.3815659579221518
0.25834570479568214
1.5674470177767992
2.570408259858306
3.2917162457533258
3.7598611031501954
4.001581614394051
4.044145766926248
3.9126695545476418
3.638272905212331
3.237442506249511
2.760167079842069
2.1908747589185134
1.6169409434894044
0.9576187249434616
0.3367379159680238
-0.33104036678883625
-0.908738718408637
-1.5064249989378538
-1.9750108891863538
-2.4101625476266135
-2.653782059310333
-2.8520236444784715
-2.9176468174763093
-2.9078714231797154
-2.757100244452255
-2.546416622020032
-2.2285450644513003
-1.838288203600948
-1.3701998779557818
-0.8618229395623683
-0.33398199792244265
0.17624901459531794
0.634912379353484
1.0200665057798681
1.321636099019323
1.542522595243191
1.6858822140563088
1.755722608364824
1.7586904692157057
1.7003718837678443
1.5863128213630662
1.4200662282648504
1.2073225296526524
0.9577022329105106
0.6791315364184879
0.3797045779746844
0.06938336557185973
-0.24638259903327742
-0.5606211531023902
-0.8609635256258428
-1.1347852155290465
-1.3659135918087173
-1.5431650344232544
-1.6569762589190922
-1.6973548727642227
-1.6502800369236457
-1.5038116999186377
-1.244928134231178
-0.8600310461981111
-0.3353296744133585
0.2362854445992831
0.620498946173649
0.843615173800716
0.9305531167468907
0.9057403484732428
0.7933511437785479
0.616967058311028
0.39888018790227764
0.16097388626799608
-0.07314813074476084
-0.2836555210856615
-0.4459320960128714
-0.5495245592967752
-0.5778249812116805
-0.5287702776666336
-0.3953644422715905
-0.19968851483656608
0.013761616498791929
0.19801394395408517
0.33451503513427283
0.4217427275298824
0.4626291559810994
0.4614846428255077
0.42347215702461577
0.3551825472005699
0.2639632606889466
0.1565367496136974
0.04144177140475865
-0.07043071879559697
-0.16965359601601776
-0.24644829937197407
-0.29027391782833356
-0.28903265514604826
-0.23132151960675124
-0.10604195363858726
0.06643685161620419
0.15117770525027485
0.16956032011595046
0.14504992542757714
0.10006506076173402
0.05592383544435591
0.031014664828911978
0.03745211748414555
0.06822335505209008
0.09160235826414123
0.09760865833753778
0.09002002046020995
0.07581723095790552
0.06334986187634861
0.06076813629604604
0.06918086697128535
0.06942248825132662
0.06640872845514056
0.06377361313933094
0.061577809248171855
0.05961680425852013
0.05836261810181854
0.0579776868081433
0.05681343087290555
0.055690662591573646
0.05617466048741977
0.054824447478060104
0.05417128719993167
0.054534675991284406
0.053801791803852445
0.05397446305570094
0.05262437207458151
0.0541592101210569
0.052286039098141786
0.05199105727815285
0.05280408022077435
0.05181240951187703
0.0518879867151918
0.05130895052489169
0.05162142982727397
0.051483336019177144
0.05245120974205819
0.051121019424002254
0.051341641009704536
0.05083748154873545
0.0514770347472747
0.050749639081979304
0.0508594020382678
0.05029466249119522
0.05170085944605577
0.049770294140801544
0.04980961519854906
0.05010017949110725
0.05063846099160961
0.04974298279554529
0.0499195047034029
0.04963366634809213
0.049488712319435454
0.04920831758301738
0.050764226190189284
0.04886115148971132
0.04950510037479043
0.04914138988602375
0.05039970215115175
0.05013030175668395
0.04730355430569132
0.050065110595053364
0.04878835573758802
0.05013970760791583
0.04890231277705173
0.05073739970687643
0.04841046576510376
0.0486024090717053
0.0489647728120571
0.048839305026921936
0.04970626793626026
0.04848155736084791
0.048267266025324114
0.049457125702428884
0.04724091097553325
0.04739647983782262
0.04980661928711016
0.0470876012617829
0.04708893143576763
0.04784242647747601
0.0493151189858303
0.04881957860123836
0.045781303110262433
0.04875947662222214
0.04757405483107128
0.048735502678680265
0.04785695682411606
0.049515624661235255
0.047562792671305774
0.04766291447543912
0.04826532160806921
0.04761759677668492
0.04951103451785557
0.0472545925464653
0.048311366401917376
0.04777928365283089
0.04892425364435416
0.049123928798261426
0.045975024743276825
0.04906038933763465
0.04735163229571281
0.04925015738486441
0.047531980607575595
0.04964244972556872
0.04702427020029775