
1.1059907917263812
0.854389191149103
0.8165157038299781
0.7790972060265556
0.7427806304317607
0.706716085381076
0.6707805619893751
0.6342129017089356
0.5967917008045635
0.55838026942887
0.5185153968125905
0.4757484016180692
0.43115545655284426
0.3843709300418402
0.33453595069686104
0.28272475536169284
0.2300127219593483
0.17702777445363982
0.12434471924850055
0.07271949674062017
0.02170157548585383
-0.028065918683239377
-0.07302611337688886
-0.1288208430209425
-0.13208977701656327
-0.1260825499239533
-0.13174868512097193
-0.18154908680784393
-0.18489248725851776
-0.2246427225904285
-0.2255900433178626
-0.22669770533359943
-0.21155286596325934
-0.18943845207456803
-0.15754936108026413
-0.12376104358314399
-0.09195077779124694
-0.057222474946490354
-0.01994275214513086
0.017451250785283978
0.05594794590670271
0.09528079384752774
0.13461055129999566
0.09387441718743883
0.05013129650663717
0.002658157569350339
-0.006968331134501571
-0.0402641196233301
-0.0038458973094254167
0.024651083727099954
-0.01839306215598585
0.014912965532923372
-0.018954208624258118
0.011928857044474217
0.021784742645135524
-0.015423934553551288
0.014337948996807404
-0.022917341673336478
0.012483885368490988
-0.01754040719858685
0.019339516849721128
-0.022569845904791663
0.0154653844356758
-0.021354116070545548
0.017178494727675353
-0.01998293773439408
0.018729117468165357
-0.02070459578184325
0.01786136438198227
-0.01892135769084502
0.019833340906143415
-0.02107603870940855
0.01744742352105705
-0.017065936578355867
0.021612616364597603
-0.02151356864292897
0.016645147382365
-0.018176837485417985
0.020276179164720798
-0.02228300303102493
0.015648753322635822
0.002623374064039008
0.036530917437391175
-0.008561815694295039
-0.040595835399101166
-0.0028905394341404156
0.035110596704232944
-0.00948051297786412
0.02532938554687736
-0.019294374151476612
0.015131611852477578
-0.02934828938315326
0.007036512379703874
-0.023792417785544973
0.013250402912598935
0.0007243218455701417
0.03741872512418143
-0.0072375699437856045
-0.04586702549320543
-0.009225114360737141
0.028154016423431738
-0.015682265774975668
0.020893596832199157
-0.022483728272100434
0.0126691988712348
0.012392642409412236
-0.03045244799843677
0.006280762393613526
0.04317422595190534
-0.0009086351129700132
-0.03421328007465796
0.0014599987719966512
0.030669927853173184
-0.013185813702070948
0.015153727322451238
-0.0282206182889152
0.0004895799108015075
0.033388770908295506
-0.010065273139452158
-0.016142749706946957
0.019312837986752318
-0.0241804026347473
0.010499221679106552
-0.031451738567315424
0.0027265901225513867
0.0373207576880209
-0.0027600033120805945
-0.013533795911712165
0.01721515938425955
-0.02490327591622299
0.008369419375088838
-0.021860666136045093
0.01244279872253451
0.01261690669750587
-0.027498163322603242
0.005136334951256649
0.039499780300275456
-0.0014851184975933074
-0.0360645788954303
-0.0025846223713988925
0.031182855580070168
-0.00953233752974425
0.018918923147293987
-0.021779212831846806
0.009556035200787738
-0.013115169459099352
0.01819451708075237
-0.017978489179432622
0.014396210598155323
-0.021242601652111337
0.01092666553135535
-0.021078241071115777
0.011240624512959374
0.026547725389601984
-0.00938029531553719
0.019932397094397203
-0.0158678620657996
0.013347063622775046
-0.022273639490291264
0.009021835776942877
-0.025839201036696458
0.0027029927691168965
0.03017120983421595
-0.0050304676460959374
-0.014500331296011637
0.01688959689365932
-0.01584852153208266
0.01554354163320204
-0.016889272445262005
0.014629126646076573
-0.01769922250632594
0.013915913710102534
-0.018272603022220668
0.01342038705385673
-0.0184952987112178
0.013260883767448495
-0.01797829286738406
0.013876980770140324
-0.01620277123846714
0.015868858801980856
-0.015111728096711352
0.017060125544978377
-0.014697432925716625
0.01748291245974687
-0.01447056647484568
0.017678703906297055
-0.014365018033516586
0.01773624799091006
-0.014343081302398364
0.017685987110346302
-0.014403536253576599
0.017532606763117742
-0.014555947063209507
0.017273487133342758
-0.014812183688010405
0.016906809835573355
-0.015170014109822993
0.016463062668183204
-0.01560020927675665
0.015996969811514217
-0.016050842853018055
0.01555213504729136
-0.01647299422968812
0.015160927641357513
-0.01683124194447977
0.014833377620482646
-0.017109921706742637
0.014575343580644162
-0.01730355259591726
0.014389854177025152
-0.017411142896278264
0.014281214947705845
-0.017425578414922205
0.014262797940465755
-0.017319538745314444
0.014367973670200651
-0.01705489590282977
0.014640437075173152
-0.016617458503851434
0.015087788142340353
-0.01609598084933045
0.01562414448867705
-0.015638468366287683
0.016090828191060336
-0.015325061388607342
0.016407479780123524
-0.015142853555381863
0.016586958432956767
-0.01505933673811799
0.01665749271738015
-0.015049365055431918
0.016649389358952826
-0.015096482345039852
0.016580856676345124
-0.015187074519019628
0.016467240061941057
-0.015314004125833502
0.01631780603053601
-0.015470828787397584
0.016142290898569445
-0.015649466925768962
0.015952614051293557
-0.01583731813476219
0.015761208819731365
-0.016023255807928738
0.015579223263365916
-0.016196623070412475
0.015415584753054101
-0.016345117620866156
0.015280106722783682
-0.016459115391198487
0.015182626802087484
-0.016526105111673517
0.01513591193810293
-0.016533679856238048
0.015150150973915921
-0.0164732085147396
0.015235468633051585
-0.016347520386196412
0.01538757534899382
-0.016171610878956133
0.01558721760876769
-0.015980019120416467
0.015801094752493694
-0.015807603688957617
0.015997031554060293
-0.015672572695176634
0.01615202179063807
-0.015582827921471976
0.016257466099015017
-0.015537234882107787
0.016314193576803637
-0.015530671150898179
0.016329779160845992
-0.01555678169233815
0.016309839614035537
-0.015608483873014944
0.01626176087206771
-0.015679289663645957
0.01619294572805019
-0.01576568595911143
0.016108890704596035
-0.015861192885500364
0.01601577322004899
-0.01596026956948632
0.01591864980650004
-0.016058800734133905
0.0158238197947711
-0.016151411728902665
0.01573769084763471
-0.01623229528389919
0.015667047175790705
-0.01629172416143021
0.015621135527817076
-0.016320263204497587
0.015607604298469746
-0.016314142218805783
0.015631111417944155
-0.01627384862800174
0.015691338433674873
-0.016204494779668677
0.015784059053200683
-0.016116079148235762
0.01589787549677313
-0.016021306409043756
0.01601507336511465
-0.015934347609367405
0.016122640972646374
-0.01586470039469018
0.016209351921525172
-0.015817003732740753
0.0162705341593683
-0.01579273994200453
0.01630587015573287
-0.015788924594820397
0.016317871345834623
-0.015803870593395497
0.01630938675783633
-0.015833692146652478
0.016285711741566233
-0.015875066068055832
0.016251978696910974
-0.015923402139155662
0.01621009212790142
-0.015976622368358284
0.01616175083008964
-0.016032963589111104
0.016110077008509693
-0.016089819092248825
0.016060399776244794
-0.0161431082822715
0.016016035840001663
-0.016190472873465533
0.015979877601623338
-0.01622637241171543
0.01595773736629702
-0.016246449451825185
0.01595405307151493
-0.016248863023910376
0.015967528842126266
-0.01623619232369139
0.015995790116048014
-0.016212154262445988
0.016037229808385733
-0.016179672093451836
0.01608698345021775
-0.016142203318504245
0.01614104779791181
-0.016103472633142935
0.016194553989866023
-0.01606774568527558
0.01624190613955756
-0.016039845208178416
0.01627975972802742
-0.01602149879827519
0.01630738071677429
-0.016012876471578952
0.016322615023151132
-0.01601704038002877
0.016323703353259944
-0.016033171733296048
0.016312746019652657
-0.01605854095327086
0.016290195685218056
-0.016091555814095215
0.01625834222371847
-0.016130301361054755
0.016220806481427097
-0.01617191630055126
0.016181729072541118
-0.016213380235383212
0.016144689016557856
-0.016249979696305705
0.01611358168330057
-0.016279520418387983
0.016090664268094357
-0.016300499538982938
0.01607790371666068
-0.016311363124650702
0.016076540142898388
-0.01631207914969285
0.016086409853888983
-0.016301832990248677
0.016107932688265603
-0.016282379622816368
0.016140082077469753
-0.016255223465974356
0.01618058614164608
-0.01622267567296115
0.016224687179552222
-0.016189285827334865
0.016268419054672245
-0.016157409087236174
0.0163087502622572
-0.016130871518173384
0.016340982231955792
-0.01611319229708108
0.016361161175218575
-0.01610640525694107
0.0163686627708014
-0.01611108231284719
0.016363742285973426
-0.016125953008572613
0.016348594437789354
-0.016148871814369914
0.016324763271520437
-0.016178541812415292
0.016293864467147534
-0.016214333408720638
0.016257408134538687
-0.016254899067281392
0.016217244837609224
-0.01629764115486848
0.01617595733342342
-0.016339776853301347
0.01613536841320673
-0.016378884448598197
0.01609957992105554
-0.01641184636314591
0.016071063643254946
-0.01643607251273027
0.01605204829650375
-0.016449661041499586
0.016043853696407595
-0.01645207773392343
0.016047692000496272
-0.016441546395971895
0.016066228286304995
-0.016417985404643287
0.01609882554066866
-0.016383445128380247
0.016139849194637845
-0.016343372989632732
0.01618483256357528
-0.016303144123811453
0.016229173224171167
-0.01626690169882411
0.016268807495074977
-0.01623877443046584
0.016298731946266465
-0.016222537693235728
0.016314297566726865
-0.016219595706927326
0.0163142812164509
-0.016229633176600367
0.0163005397503575
-0.016250361312983408
0.01627508057972593
-0.01628042842449473
0.016238297411580838
-0.016317700186405326
0.016194854347640397
-0.016357941350133187
0.016147810866385615
-0.016397762065649024
0.016101449705879123
-0.016432726315820045
0.01606044263791362
-0.016458340308163177
0.016030938478523438
-0.016469542376682744
0.01601839115346837
-0.01646361785879147
0.016025555443100914
-0.016440939603403648
0.016053014067154425
-0.016403819024629174
0.0160960478876937
-0.016359469461122655
0.016146460295715537
-0.016314821736996887
0.016195247979772898
-0.016276728718882305
0.016236535105978445
-0.01625008077699064
0.016265552292624996
-0.016235455882951055
0.016279331477382142
-0.01623390383717399
0.016277150183172773
-0.016245137124211384
0.016261413615239972
-0.016263676105883806
0.01623760224048737
-0.016284121333231483
0.016211900334509532
-0.016300898522214502
0.016191136158866137
-0.0163112536708786
0.01617750294935011
-0.016314539962833496
0.016172462347720518
-0.01631147746758793
0.016172207174070752
-0.016305280746831075
0.01617404681072665
-0.01629973939317786
0.016176098680448614
-0.0162939640116192
0.016180474713361148
-0.016286270104231337
0.016187725049289114
-0.01627609967081295
0.016197741714717218
-0.016261911644369187
0.016212200619020845
-0.01624634214742493
0.016226744943703242
-0.016232706728753765
0.016237430574528755
-0.01622263627914594
0.016243197047063895
-0.016218427987643502
0.01624105823350619
-0.016220307261084588
0.01623130962894337
-0.01622650746236637
0.016218510336012848
-0.01623421601887609
0.01620620432083919
-0.01624010470991255
0.01619714325450239
-0.01624240694550061
0.016194649060844224
-0.01623872416138966
0.016199126227644467
-0.0162299829395941
0.016209381631099973
-0.016217318133460723
0.016221322197394916
-0.016204351605194844
0.016232664096266225
-0.016193188193583896
0.01624241138024607
-0.016184735205290623
0.01624845346885584
-0.01617870309712527
0.016251021603341465
-0.016175845816368883
0.016249280390396637
-0.016176468020363655
0.016244586061839206
-0.01617822024876958
0.01624080027521546
-0.016176935610291876
0.01623979438989054
-0.01617259777198743
0.016241041351150898
-0.016166103927388376
0.016242496433640286
-0.016160175033536173
0.016242935275015746
-0.01615510291916744
0.016242811391350198
-0.01615037249731266
0.016241727631921
-0.016146192872837306
0.016239110477550223
-0.016143450691096572
0.01623509485641622
-0.016142732217517164
0.016230169212369305
-0.016142735310965328
0.016224757415761903
-0.01614296478112609
0.01621886042381654
-0.016144199758488964
0.01621201068821565
-0.016146052358633034
0.016205035552010805
-0.016147635892698187
0.0161991264035673
-0.016148462531867913
0.016193516594262602
-0.01614844053905884
0.01618856168039412
-0.016147171993009968
0.016184784647896078
-0.01614547581902448
0.016182006220063827
-0.016143861406121007
0.0161794037199266
-0.016142105084347103
0.016177182303537707
-0.016140321970716243
0.016175437100735546
-0.016138638121490412
0.01617448301115859
-0.01613633359659361
0.016174676179043557
-0.016133863736890075
0.01617509443510312
-0.016131514517520762
0.016175466623711277
-0.016129745088037772
0.01617528384023803
-0.016129010508711628
0.016173616308639893
-0.016129295732510873
0.016170931315993287