
0.028905988950546038
0.03833250000580566
0.03995341655399982
0.04173094912481401
0.0436495871031055
0.0457179874952081
0.0479310010585097
0.05031119034853952
0.052869657413660474
0.0556568710808801
0.05876073271139994
0.0625398443177667
0.06751800357425862
0.07412035968435911
0.08287356969246928
0.09488349602778359
0.11008681899663103
0.12942684034477425
0.15272151076858764
0.18020936957829592
0.21237492125569368
0.24869433310872446
0.006510943770148482
0.48743890468759804
0.4413781845678987
0.34533176485207223
0.05902208730364756
0.21279616424576325
0.05626802685907416
0.11463929322488772
1.216360370496261
0.941148457056983
0.643143532866337
0.030298636277226256
0.027814883721308567
0.2988199328563498
0.23476075334255597
0.07240409656817809
0.16319665304786016
0.13861316033911392
0.11960468168268235
0.10424500498192993
0.0468584235089811
0.08356911130043027
0.010125139291488894
0.12713710519778193
0.04213135033658646
0.0266252447036186
0.038967843773308836
0.03776089427528974
0.03607074959355177
0.051960624804800196
0.12293986767239327
0.1035170346941354
0.09179016021061187
0.09780375513945291
0.0854387297267718
0.09163980614076903
0.08064502597674823
0.08390585281898308
0.0744519818380849
0.0822078149550592
0.07311326958316877
0.07868363948289195
0.07035390401127709
0.07592819307717566
0.06814084912414264
0.0744315256243588
0.0669503534090628
0.07237066054155081
0.06527232281610114
0.07184161356080049
0.06482049757481911
0.06955028031344965
0.06296260761636249
0.0700713619957408
0.06333134169654468
0.06806120523186447
0.06172255741673473
0.06849168438340356
0.062036986716054246
0.06266098482411303
0.057519682913742404
0.06427888882752798
0.06927834388367426
0.06271583057769864
0.05733597755196114
0.06390180795988325
0.05836386792752497
0.06542231563413817
0.05967355253210012
0.06709724829688882
0.060915542027270245
0.06494281819615087
0.05919645325162001
0.05993428953093306
0.054947923095589705
0.061202183063618465
0.06770188914641403
0.061310149313131224
0.056141893141045854
0.06253352052482981
0.05708079795600331
0.06392501272778149
0.058194440370328795
0.057360416325491215
0.06378745784775629
0.058124361759504806
0.05347232276573895
0.05946050288328348
0.06494256598172138
0.05752117495947036
0.05499350461209289
0.06145654512096478
0.05684691813009813
0.06395330954032538
0.05903741286786672
0.05442222920274066
0.0605909543761187
0.06099411268056982
0.05597472692323077
0.062448788471126254
0.0571665973628971
0.0642607965835979
0.05859986566086557
0.0489278820557281
0.05973590010097146
0.061036759754682354
0.05641812086535234
0.06274672422028824
0.05757333088234656
0.061607041721836356
0.056689605693954384
0.05587640809834176
0.06177912003764144
0.05680194066784555
0.05264706324070615
0.057893847199286634
0.06315862011222777
0.05798798464013944
0.05246862685750663
0.05926108010861736
0.05505484400362842
0.06169661051859776
0.057012532518942546
0.06011077178491499
0.055791152806738076
0.06036060496141353
0.0558668293697805
0.06068718746957876
0.056145472824746134
0.06019047176017611
0.055764403119606384
0.0533961732582002
0.05787754485056387
0.05396995771060204
0.05867121951662409
0.05466324039986638
0.05956099493278129
0.05523476364919481
0.06035717625219929
0.05627106586120087
0.05276360962348874
0.057319265394233154
0.058387526968373606
0.054326391526018265
0.0583973676520087
0.05433388981714157
0.05845855020622422
0.05437813217552824
0.058512832566545554
0.054415128042179156
0.05853389994386678
0.05442493069183964
0.058479973000130726
0.0543702857327826
0.05825472600774248
0.05416507858546081
0.05777208757171999
0.053726292062310804
0.05745514183011266
0.05346499992035381
0.05733959346765241
0.0533663240671378
0.05728301680013462
0.053315606233939314
0.05725721497717266
0.05329128878999026
0.05724852232088233
0.053282926910156445
0.05725087208455715
0.053285445472487085
0.05726127869849777
0.053296217072123064
0.05727858285630364
0.053314668485355474
0.05730199796968412
0.053339106294651786
0.05733031916819331
0.05336696573061322
0.05736151903192904
0.053396633469251435
0.057393264885360944
0.05342600684384074
0.05742268301949725
0.053453492620166784
0.057446932566943026
0.0534766654945228
0.057462422522015784
0.053492578226290485
0.05746497739027008
0.053497523553544146
0.05744889647478876
0.05348621653436948
0.057405485015859584
0.05345073198167152
0.05732576079484284
0.05338271737407861
0.057209643964421075
0.053282620153694005
0.05708050119514328
0.053169232889600467
0.05697149567306806
0.053071901036619434
0.056897991765878814
0.05300416382344393
0.056855520938267415
0.052962935741341644
0.05683571250356641
0.05294201138369191
0.05683161492398098
0.05293514518047693
0.05683834361750634
0.05293806282521433
0.05685202884853039
0.05294754944503151
0.05687036249624526
0.05296160096101009
0.05689167267986349
0.052978585719043236
0.05691438766506553
0.05299682880423203
0.05693659518100618
0.05301473219829183
0.05695668869138486
0.05303083477754525
0.056973044533282155
0.05304380587405999
0.05698362395533123
0.05305195203967028
0.05698639260652808
0.053053341567925544
0.05697879465297139
0.053045603178730236
0.056958453525033134
0.053026768864553694
0.05692399330427582
0.052995298515212924
0.05687672289870729
0.052952289973938825
0.0568211807094912
0.05290187590198915
0.05676521322984372
0.052850473130518424
0.05671606290267389
0.052804050429385754
0.05667756663379506
0.05276653893369565
0.05665085214721462
0.05273920375167561
0.05663497771414212
0.05272146272881247
0.0566281042934966
0.05271161551369434
0.05662823716553004
0.05270820724258049
0.056633366499475424
0.052709614716155595
0.05664176518269608
0.05271433793881658
0.05665229632085979
0.05272119709380488
0.056663509837941065
0.05272901720619831
0.05667417479828776
0.05273681550941195
0.056683345285121194
0.052743502422032074
0.056689922126715045
0.052748005777110085
0.05669283854892038
0.05274926677918758
0.056690458611923886
0.05274584133949789
0.056681361937289364
0.05273654870124532
0.056665066821192295
0.05272074960557743
0.05664208065261992
0.05269875781098243
0.05661397235725294
0.052671776487639294
0.05658337249547783
0.05264218191968292
0.05655339484706827
0.0526130724084882
0.05652691506236187
0.05258680297980792
0.056505765187445656
0.05256525039710422
0.05649060505444051
0.05254903733733404
0.05648128295347707
0.052538002618348414
0.05647693109688875
0.052531528903668814
0.05647674507733874
0.0525289028540482
0.05647964266222772
0.05252908489189826
0.05648467677026126
0.052531079063154344
0.056490787067274756
0.05253432641362004
0.05649736924244006
0.05253837991352449
0.05650388371224477
0.052542629087003655
0.056509749814415554
0.05254626764922692
0.05651426008450344
0.052548769631785244
0.05651700465978826
0.052549694087291904
0.056517152690990655
0.05254822903375067
0.056514086685857855
0.05254379885830199
0.05650771129454783
0.05253658492568071
0.05649859554931111
0.05252698062778939
0.05648752927597425
0.05251541056496346
0.05647527476734153
0.05250277367179863
0.05646271187901111
0.05248981174647304
0.05645071435198795
0.052477383501689026
0.05644012830577019
0.052466372118786124
0.05643172397569281
0.05245731096112717
0.05642571807243606
0.052450306752039336
0.05642202743651789
0.05244551759356735
0.05642085987049116
0.05244306944104721
0.05642191115056164
0.0524425715949836
0.05642457577034889
0.052443771108418274
0.05642837012388309
0.05244624035186223
0.05643279133569107
0.05244936895216268
0.05643725208203938
0.05245250543089227
0.05644117935260197
0.0524551222706377
0.056443824223718644
0.052456663770147655
0.05644482608577376
0.052456761368957924
0.05644393360103164
0.05245507694038572
0.05644091555995761
0.052451413176002715
0.0564358159322549
0.05244582947177727
0.05642870936311721
0.052438390084033226
0.05642006477220976
0.052429398444930546
0.05641036299375478
0.05241935916036718
0.05640023442589163
0.052409050672807836
0.056390565609881
0.05239914483910071
0.05638188366497299
0.05239019043948876
0.05637480273389407
0.052382830050866386
0.05636978993213152
0.05237755792498891
0.056367086249453066
0.052374440584079904
0.056366589251934926
0.052373304165045736
0.056367906286216116
0.05237376644409216
0.05637054188768556
0.05237548480057449
0.056374089685633635
0.052378077576021254
0.05637821709736453
0.05238122202235909
0.0563825667353916
0.0523845467821301
0.05638661596952168
0.05238761377659632
0.056389826042532815
0.05239005705897647
0.056391730443378175
0.05239129113068354
0.056391799739755166
0.05239089244417826
0.056389617550737126
0.052388535823559415
0.056384925323901984
0.0523839902765445
0.05637769312458935
0.052377119781757187
0.05636780695744906
0.05236770014306591
0.05635550557091371
0.05235598255838655
0.056341427415064885
0.05234290048743323
0.05632670434114695
0.052329290763920414
0.05631238767239099
0.05231594173763643
0.05629929371989184
0.052303558943716355
0.056288130592655056
0.052292919781063076
0.0562794596359046
0.05228462757835582
0.05627335087826367
0.05227878221111707
0.05626955898940891
0.05227501934074352
0.056267487125233925
0.052272900638951986
0.05626664400083603
0.05227213224685228
0.056266368987732504
0.05227188438857046
0.05626573498150282
0.052271489824997006
0.05626393655198984
0.052270143059573046
0.056260054374726844
0.052266968562821
0.05625320935109073
0.05226099458399528
0.056242635715320795
0.05225147719927213
0.056228037086891614
0.052238061880128195
0.05620981812852047
0.05222091580329348
0.056188816972819855
0.052201132288404846
0.0561668374563667
0.05218046988005681
0.056145525727778964
0.052160522379853344
0.056126212948671074
0.052142285828904594
0.05610979988246552
0.05212652794667404
0.05609628264742446
0.05211355383757403
0.05608553527999839
0.05210330121272809
0.05607723018070847
0.052095290228484956
0.05607025794554153
0.05208856094019107
0.05606350141679235
0.052082054666841474
0.056055844099162144
0.05207468849019943
0.056046777601137604
0.05206606184971871
0.056036158311395315
0.052055949597326984
0.056024168590893306
0.05204486458761144
0.056011379588722786
0.052033265426444694
0.055998528340793954
0.05202155227015475
0.05598575099714449
0.05200965972902011
0.05597286185147761
0.05199750895569338
0.05595979428009845
0.05198515516714676
0.05594648736971226
0.051972509487117076
0.05593344739178841
0.051960258486345404
0.05592126305508806
0.05194895659066269
0.05591019903077363
0.051938756111425226
0.05590055335244351
0.051930073089098486
0.0558922407444416
0.05192281561725128
0.05588482723615257
0.05191617546289985
0.05587764594852624
0.05190953656641011
0.055870106476981984
0.05190244041054853
0.05586187445182947
0.05189443323984569
0.055852746780836064
0.05188557533784909
0.055843039746097445
0.051876171168368436
0.05583315292233555
0.051866888584704327
0.055823739927097826
0.0518581507452046
0.05581520913427293
0.0518501674855279
0.05580773650596631
0.05184322402002553
0.055801299483676195
0.051837282678427396
0.05579594479870713
0.05183238547087489
0.055791583552938305
0.051828276881262826
0.055787728082437094
0.05182440903322761
0.055783800640868145
0.05182049889261997
0.05577981250227764
0.05181662854524004
0.05577591949322736
0.05181307717797401
0.05577248882827351
0.05180999614522604
0.055769566763051365
0.051807330214439506
0.05576706834780522
0.051805129392151594
0.055765015178706814
0.0518034363746767
0.05576347285130997
0.05180219622751594
0.055762455080954274
0.051801300401394065
0.05576172626223795
0.051800651752967754
0.055761186647085084
0.05180021722779533
0.05576089952142076
0.0518000051265097
0.055760753358250016
0.05179988871841455
0.05576057348815721
0.051799683743797106
0.055760269867117365
0.05179944333833743
0.05575979560035013
0.05179910222467378
0.05575908580596133
0.051798591453221826
0.05575827040015234
0.05179793511441358
0.05575742896287828
0.05179724090329785
0.05575654313369285
0.05179648706400581
0.05575562899826162
0.051795671704230335
0.05575471429049273
0.05179476894776972
0.05575373144191918
0.0517937475303194
0.05575275291559635
0.05179273743976437
0.055751849958880884
0.05179178803857551
0.05575110252459053
0.051790959713257693
0.05575056369582887
0.051790398341335434
0.055750237546873624
0.05179003706997344